|cos| of empty direction with target (3,3) (T=target, *=board-center starting cell, mode=0)
===========================================================================================

|   row |      0 |      1 |      2 | 3      | 4      |      5 |      6 |      7 |
|-------|--------|--------|--------|--------|--------|--------|--------|--------|
|     0 | 0.1530 | 0.0880 | 0.0510 | 0.044  | 0.046  | 0.0810 | 0.1120 | 0.1670 |
|     1 | 0.1230 | 0.0110 | 0.0450 | 0.072  | 0.060  | 0.0290 | 0.0100 | 0.1450 |
|     2 | 0.0700 | 0.0460 | 0.1170 | 0.134  | 0.128  | 0.1110 | 0.0210 | 0.0790 |
|     3 | 0.0300 | 0.0580 | 0.1690 | 1.000T | 0.953* | 0.1300 | 0.0450 | 0.0490 |
|     4 | 0.0390 | 0.0520 | 0.1460 | 0.953* | 0.957* | 0.1330 | 0.0500 | 0.0680 |
|     5 | 0.0780 | 0.0630 | 0.0750 | 0.115  | 0.129  | 0.1390 | 0.0400 | 0.0790 |
|     6 | 0.0930 | 0.0180 | 0.0360 | 0.056  | 0.064  | 0.0270 | 0.0170 | 0.1390 |
|     7 | 0.1540 | 0.1200 | 0.0740 | 0.075  | 0.053  | 0.1060 | 0.1190 | 0.1480 |
